%YAML:1.0
---
R: !!opencv-matrix
   rows: 3
   cols: 3
   dt: d
   data: [ 9.9998728060878372e-01, 4.4917507146188277e-03,
       -2.2940785006855409e-03, -4.4595116406020907e-03,
       9.9989386121587176e-01, 1.3870077820343189e-02,
       2.3561359419441009e-03, -1.3859670931618934e-02,
       9.9990117418927482e-01 ]
T: !!opencv-matrix
   rows: 3
   cols: 1
   dt: d
   data: [ -9.6772430560933689e+00, -6.2177728864958204e-02,
       1.4767530876486623e-01 ]
R1: !!opencv-matrix
   rows: 3
   cols: 3
   dt: d
   data: [ 9.9978563559785694e-01, 1.1126192169682041e-02,
       -1.7461119666062869e-02, -1.1006362995530820e-02,
       9.9991531828618718e-01, 6.9437907689869618e-03,
       1.7536898979006271e-02, -6.7501188460770698e-03,
       9.9982343094656678e-01 ]
R2: !!opencv-matrix
   rows: 3
   cols: 3
   dt: d
   data: [ 9.9986295219407817e-01, 6.4242684805250038e-03,
       -1.5257968548680681e-02, -6.5307822569457014e-03,
       9.9995458241230650e-01, -6.9413252151233991e-03,
       1.5212682631763511e-02, 7.0400203920072384e-03,
       9.9985949632937199e-01 ]
P1: !!opencv-matrix
   rows: 3
   cols: 4
   dt: d
   data: [ 1.0620947612108660e+03, 0., 8.2815360260009766e+02, 0., 0.,
       1.0620947612108660e+03, 5.9436186218261719e+02, 0., 0., 0., 1.,
       0. ]
P2: !!opencv-matrix
   rows: 3
   cols: 4
   dt: d
   data: [ 1.0620947612108660e+03, 0., 8.2815360260009766e+02,
       -1.0279557943703025e+04, 0., 1.0620947612108660e+03,
       5.9436186218261719e+02, 0., 0., 0., 1., 0. ]
Q: !!opencv-matrix
   rows: 4
   cols: 4
   dt: d
   data: [ 1., 0., 0., -8.2815360260009766e+02, 0., 1., 0.,
       -5.9436186218261719e+02, 0., 0., 0., 1.0620947612108660e+03, 0.,
       0., 1.0332105398184716e-01, 0. ]
roi_rec: [ 141, 95, 1330, 996 ]
