%YAML:1.0
---
M1: !!opencv-matrix
   rows: 3
   cols: 3
   dt: d
   data: [ 1.1322554875828275e+03, 0., 7.9734419785269097e+02, 0.,
       1.1274646187978783e+03, 6.0102423396943948e+02, 0., 0., 1. ]
D1: !!opencv-matrix
   rows: 1
   cols: 14
   dt: d
   data: [ 2.6111956936045663e-02, -2.9789806674689966e-02, 0., 0., 0.,
       0., 0., 5.2268076645744378e-02, 0., 0., 0., 0., 0., 0. ]
M2: !!opencv-matrix
   rows: 3
   cols: 3
   dt: d
   data: [ 1.2655590786658463e+03, 0., 8.0266172759094059e+02, 0.,
       1.2589131563123719e+03, 5.8735712846496710e+02, 0., 0., 1. ]
D2: !!opencv-matrix
   rows: 1
   cols: 14
   dt: d
   data: [ 9.5209406945113373e-02, -3.0455605640838213e-01, 0., 0., 0.,
       0., 0., -2.6002136515996371e-01, 0., 0., 0., 0., 0., 0. ]
