%YAML:1.0
---
R: !!opencv-matrix
   rows: 3
   cols: 3
   dt: d
   data: [ 9.9998647384307948e-01, 4.7363663622947269e-03,
       -2.1491776488084787e-03, -4.6984485800774566e-03,
       9.9983899830635425e-01, 1.7317680176237592e-02,
       2.2308545054268011e-03, -1.7307348133905647e-02,
       9.9984772790097765e-01 ]
T: !!opencv-matrix
   rows: 3
   cols: 1
   dt: d
   data: [ -1.0569292092067798e+01, 2.7888793180907706e-01,
       7.4471718495504366e-02 ]
R1: !!opencv-matrix
   rows: 3
   cols: 3
   dt: d
   data: [ 9.9972195419767995e-01, -2.1516037625107197e-02,
       -9.6475084911584134e-03, 2.1599474873321940e-02,
       9.9972946119005390e-01, 8.6294329965127693e-03,
       9.4592272606559748e-03, -8.8354147361366184e-03,
       9.9991622572397110e-01 ]
R2: !!opencv-matrix
   rows: 3
   cols: 3
   dt: d
   data: [ 9.9962725817440912e-01, -2.6376788169329261e-02,
       -7.0434196654539528e-03, 2.6315721522293473e-02,
       9.9961646079230160e-01, -8.6263615640668617e-03,
       7.2682539495034287e-03, 8.4377934878285335e-03,
       9.9993798613993157e-01 ]
P1: !!opencv-matrix
   rows: 3
   cols: 4
   dt: d
   data: [ 1.0929812381505790e+03, 0., 8.1215220642089844e+02, 0., 0.,
       1.0929812381505790e+03, 5.9082152557373047e+02, 0., 0., 0., 1.,
       0. ]
P2: !!opencv-matrix
   rows: 3
   cols: 4
   dt: d
   data: [ 1.0929812381505790e+03, 0., 8.1215220642089844e+02,
       -1.1556345490478667e+04, 0., 1.0929812381505790e+03,
       5.9082152557373047e+02, 0., 0., 0., 1., 0. ]
Q: !!opencv-matrix
   rows: 4
   cols: 4
   dt: d
   data: [ 1., 0., 0., -8.1215220642089844e+02, 0., 1., 0.,
       -5.9082152557373047e+02, 0., 0., 0., 1.0929812381505790e+03, 0.,
       0., 9.4578449480511972e-02, 0. ]
roi_rec: [ 130, 106, 1335, 986 ]
