%YAML:1.0
---
M1: !!opencv-matrix
   rows: 3
   cols: 3
   dt: d
   data: [ 1.1403030413726035e+03, 0., 7.9402374031922864e+02, 0.,
       1.1403030413726035e+03, 6.0243239781327782e+02, 0., 0., 1. ]
D1: !!opencv-matrix
   rows: 5
   cols: 1
   dt: d
   data: [ 6.7237413924488690e-02, -1.5264468742069953e-01,
       -9.7329889524372165e-04, -2.1224434119895908e-04,
       6.0515228441955067e-02 ]
M2: !!opencv-matrix
   rows: 3
   cols: 3
   dt: d
   data: [ 1.2728847150205506e+03, 0., 8.0126879149300760e+02, 0.,
       1.2728847150205506e+03, 5.8250102620467442e+02, 0., 0., 1. ]
D2: !!opencv-matrix
   rows: 5
   cols: 1
   dt: d
   data: [ 1.0201094894247140e-01, -2.8806228136115092e-01,
       -1.8188880062140786e-03, 4.1662656677626060e-04,
       2.3251975229882371e-01 ]
